a <- 5
b <- 3

c <- 4
d <- 10

a*b

a*c - b

d^2
