a <- 5
b <- 3
d <- 10

d^2
